85 88 89 87
47 13 44 38
54 4 75 92
34 6 26 72
78 48 7 91
69 73 41 80
17 63 87 18
62 34 65 24
92 62 34 6
96 89 67 16
76 32 30 59
10 99 9 38
74 59 77 81
98 53 59 20
37 2 26 90
5 54 19 49
0 6 84 93
63 55 76 89
89 20 9 65
75 34 39 83
15 60 25 50
77 37 63 33
77 92 45 9
20 88 32 83
0 57 16 31
52 33 59 69
76 55 30 21
36 45 28 99
58 29 56 3
4 84 27 75
0 51 28 62
86 83 37 69
98 96 66 77
8 14 9 52
65 28 95 44
59 16 76 46
15 58 90 8
22 87 51 18
92 31 53 87
1 97 18 46
88 62 95 83
41 8 9 51
85 69 84 74
79 95 67 49
59 10 41 30
17 26 36 48
74 20 50 16
53 25 57 33
1 1 30 43
36 50 6 43
74 32 91 41
94 75 88 57
94 24 75 85
8 43 84 24
3 47 71 25
67 80 37 63
51 33 54 60
57 66 2 91
77 45 93 45
50 69 24 78
8 3 23 26
90 76 55 80
16 96 72 4
21 99 76 52
34 19 16 8
28 71 47 25
50 5 71 70
95 56 59 88
64 91 19 58
16 36 63 67
88 28 22 39
11 62 48 12
63 90 73 89
79 95 9 52
92 63 81 65
94 42 70 60
23 97 94 68
1 75 67 50
57 64 26 93
7 57 48 17
49 56 81 86
57 49 14 74
83 46 76 33
91 46 89 87
88 35 15 30
77 8 20 26
42 35 64 1
96 70 47 39
70 29 8 3
95 8 24 47
40 40 45 57
35 6 38 25
98 87 39 43
28 9 46 47
2 99 76 60
91 60 23 70
38 33 53 79
5 32 13 71
81 15 6 39
9 66 38 26
96 7 46 65
83 38 14 77
2 67 95 38
32 17 86 46
18 45 24 9
94 91 80 99
36 79 47 38
68 98 50 23
83 63 73 40
74 0 76 30
54 89 94 85
69 72 56 65
40 58 70 75
50 76 85 12
31 68 29 60
66 75 11 93
50 20 68 20
46 19 78 29
39 8 84 68
24 86 50 11
41 39 13 99
78 69 12 25
97 48 3 92
58 62 96 76
76 47 53 77
39 11 35 92
9 98 76 55
48 84 27 32
61 2 30 84
99 25 13 44
65 34 29 12
66 70 54 92
51 15 66 49
98 17 8 70
86 99 99 73
3 42 69 93
20 51 34 61
53 10 6 16
5 3 91 50
92 29 38 18
6 53 26 88
68 21 73 0
8 3 5 92
85 29 4 38
36 58 33 8
41 8 38 27
64 28 61 19
36 71 5 99
76 89 19 63
63 81 31 59
94 10 52 57
95 4 29 44
67 5 23 7
21 70 3 49
44 13 14 70
95 24 14 19
29 33 84 49
63 8 18 95
6 66 59 70
23 6 47 83
16 78 50 70
98 31 4 19
63 3 59 64
69 89 91 58
59 49 56 39
2 27 92 33
63 19 31 2
9 89 49 51
66 52 29 22
20 94 71 32
5 77 39 82
23 98 31 61
10 49 80 50
86 14 52 64
68 62 16 90
3 67 20 2
63 70 41 95
99 99 46 73
55 97 82 12
9 84 72 85
65 73 36 3
57 11 55 67
62 82 76 46
68 25 5 72
5 69 63 21
69 0 85 96
56 75 96 75
32 72 37 46
15 27 98 81
87 81 37 32
21 56 54 48
53 94 40 61
79 6 99 98
49 68 49 83
47 28 81 23
47 13 12 77
34 7 91 18
74 69 23 82
10 89 63 63
54 23 29 66
4 36 89 29
33 73 62 53
29 40 27 72
61 73 13 37
8 4 16 81
8 24 53 59
77 50 31 59
25 40 22 91
73 89 79 71
11 83 77 33
51 59 97 88
4 48 16 72
93 61 6 32
40 54 85 61
56 94 96 26
12 23 49 65
78 49 68 28
14 94 33 72
45 55 22 3
75 78 1 2
43 84 84 26
8 63 29 72
73 87 88 69
18 28 22 24
9 97 70 74
53 46 37 15
36 75 83 61
20 0 58 51
24 47 73 25
67 44 9 33
31 12 63 98
41 14 54 17
17 0 87 12
22 5 75 53
24 36 47 22
9 90 95 84
95 51 54 81
80 17 97 99
76 11 69 96
69 40 84 80
83 68 95 84
43 71 90 95
25 94 41 48
94 65 28 58
50 63 6 86
28 28 86 29
71 84 79 82
18 4 54 70
83 72 55 13
47 55 92 71